37 168
0 1
1 0
1 2
2 1
2 3
3 2
3 4
4 3
4 5
5 4
5 6
6 5
6 7
7 6
7 8
8 7
8 15
15 8
15 22
22 15
22 29
29 22
29 36
36 29
36 35
35 36
35 34
34 35
34 33
33 34
33 32
32 33
32 31
31 32
31 30
30 31
30 23
23 30
23 16
16 23
16 9
9 16
9 2
2 9
2 10
10 2
10 16
16 10
16 24
24 16
24 30
30 24
3 9
9 3
9 17
17 9
17 23
23 17
23 31
31 23
4 10
10 4
10 18
18 10
18 24
24 18
24 32
32 24
3 11
11 3
11 17
17 11
17 25
25 17
25 31
31 25
5 11
11 5
11 19
19 11
19 25
25 19
25 33
33 25
32 26
26 32
26 18
18 26
18 12
12 18
12 4
4 12
6 12
12 6
12 20
20 12
20 26
26 20
26 34
34 26
33 27
27 33
27 19
19 27
19 13
13 19
13 5
5 13
7 13
13 7
13 21
21 13
21 27
27 21
27 35
35 27
34 28
28 34
28 20
20 28
20 14
14 20
14 6
6 14
8 14
14 8
14 22
22 14
22 28
28 22
28 36
36 28
29 21
21 29
21 15
15 21
15 7
7 15
1 8
8 1
30 36
36 30
9 10
10 9
10 17
17 10
17 24
24 17
24 23
23 24
23 9
9 23
18 19
19 18
18 25
25 18
25 32
32 25
19 20
20 19
20 27
27 20
27 34
34 27
32 34
34 32
29 35
35 29
